title:Hightech D2 Wishlist
description:My personal wishlist of perk combos.

// Psychopomp (Adept) ()
dimwishlist:item=704410186&perks=3525010810,2822142346,2010801679,3218042543,120721526
dimwishlist:item=704410186&perks=3525010810,2822142346,2010801679,2633604463,120721526
dimwishlist:item=704410186&perks=3525010810,2822142346,3797647183,3218042543,120721526
dimwishlist:item=704410186&perks=3525010810,2822142346,3797647183,2633604463,120721526


// Watchful Eye (Adept) ()
dimwishlist:item=737409399&perks=839105230,3230963543,3643424744,3966416502,878237828
dimwishlist:item=737409399&perks=839105230,3230963543,3643424744,2633604463,878237828
dimwishlist:item=737409399&perks=839105230,3230963543,3643424744,717070634,878237828
dimwishlist:item=737409399&perks=839105230,3230963543,3643424744,3218042543,878237828
dimwishlist:item=737409399&perks=839105230,3230963543,2869569095,3966416502,878237828
dimwishlist:item=737409399&perks=839105230,3230963543,2869569095,2633604463,878237828
dimwishlist:item=737409399&perks=839105230,3230963543,2869569095,717070634,878237828
dimwishlist:item=737409399&perks=839105230,3230963543,2869569095,3218042543,878237828
dimwishlist:item=737409399&perks=839105230,3230963543,2682205016,3966416502,878237828
dimwishlist:item=737409399&perks=839105230,3230963543,2682205016,2633604463,878237828
dimwishlist:item=737409399&perks=839105230,3230963543,2682205016,717070634,878237828
dimwishlist:item=737409399&perks=839105230,3230963543,2682205016,3218042543,878237828
dimwishlist:item=737409399&perks=839105230,3230963543,2308090567,3966416502,878237828
dimwishlist:item=737409399&perks=839105230,3230963543,2308090567,2633604463,878237828
dimwishlist:item=737409399&perks=839105230,3230963543,2308090567,717070634,878237828
dimwishlist:item=737409399&perks=839105230,3230963543,2308090567,3218042543,878237828
dimwishlist:item=737409399&perks=839105230,679225683,3643424744,3966416502,878237828
dimwishlist:item=737409399&perks=839105230,679225683,3643424744,2633604463,878237828
dimwishlist:item=737409399&perks=839105230,679225683,3643424744,717070634,878237828
dimwishlist:item=737409399&perks=839105230,679225683,3643424744,3218042543,878237828
dimwishlist:item=737409399&perks=839105230,679225683,2869569095,3966416502,878237828
dimwishlist:item=737409399&perks=839105230,679225683,2869569095,2633604463,878237828
dimwishlist:item=737409399&perks=839105230,679225683,2869569095,717070634,878237828
dimwishlist:item=737409399&perks=839105230,679225683,2869569095,3218042543,878237828
dimwishlist:item=737409399&perks=839105230,679225683,2682205016,3966416502,878237828
dimwishlist:item=737409399&perks=839105230,679225683,2682205016,2633604463,878237828
dimwishlist:item=737409399&perks=839105230,679225683,2682205016,717070634,878237828
dimwishlist:item=737409399&perks=839105230,679225683,2682205016,3218042543,878237828
dimwishlist:item=737409399&perks=839105230,679225683,2308090567,3966416502,878237828
dimwishlist:item=737409399&perks=839105230,679225683,2308090567,2633604463,878237828
dimwishlist:item=737409399&perks=839105230,679225683,2308090567,717070634,878237828
dimwishlist:item=737409399&perks=839105230,679225683,2308090567,3218042543,878237828
dimwishlist:item=737409399&perks=839105230,2420895100,3643424744,3966416502,878237828
dimwishlist:item=737409399&perks=839105230,2420895100,3643424744,2633604463,878237828
dimwishlist:item=737409399&perks=839105230,2420895100,3643424744,717070634,878237828
dimwishlist:item=737409399&perks=839105230,2420895100,3643424744,3218042543,878237828
dimwishlist:item=737409399&perks=839105230,2420895100,2869569095,3966416502,878237828
dimwishlist:item=737409399&perks=839105230,2420895100,2869569095,2633604463,878237828
dimwishlist:item=737409399&perks=839105230,2420895100,2869569095,717070634,878237828
dimwishlist:item=737409399&perks=839105230,2420895100,2869569095,3218042543,878237828
dimwishlist:item=737409399&perks=839105230,2420895100,2682205016,3966416502,878237828
dimwishlist:item=737409399&perks=839105230,2420895100,2682205016,2633604463,878237828
dimwishlist:item=737409399&perks=839105230,2420895100,2682205016,717070634,878237828
dimwishlist:item=737409399&perks=839105230,2420895100,2682205016,3218042543,878237828
dimwishlist:item=737409399&perks=839105230,2420895100,2308090567,3966416502,878237828
dimwishlist:item=737409399&perks=839105230,2420895100,2308090567,2633604463,878237828
dimwishlist:item=737409399&perks=839105230,2420895100,2308090567,717070634,878237828
dimwishlist:item=737409399&perks=839105230,2420895100,2308090567,3218042543,878237828
dimwishlist:item=737409399&perks=3661387068,3230963543,3643424744,3966416502,878237828
dimwishlist:item=737409399&perks=3661387068,3230963543,3643424744,2633604463,878237828
dimwishlist:item=737409399&perks=3661387068,3230963543,3643424744,717070634,878237828
dimwishlist:item=737409399&perks=3661387068,3230963543,3643424744,3218042543,878237828
dimwishlist:item=737409399&perks=3661387068,3230963543,2869569095,3966416502,878237828
dimwishlist:item=737409399&perks=3661387068,3230963543,2869569095,2633604463,878237828
dimwishlist:item=737409399&perks=3661387068,3230963543,2869569095,717070634,878237828
dimwishlist:item=737409399&perks=3661387068,3230963543,2869569095,3218042543,878237828
dimwishlist:item=737409399&perks=3661387068,3230963543,2682205016,3966416502,878237828
dimwishlist:item=737409399&perks=3661387068,3230963543,2682205016,2633604463,878237828
dimwishlist:item=737409399&perks=3661387068,3230963543,2682205016,717070634,878237828
dimwishlist:item=737409399&perks=3661387068,3230963543,2682205016,3218042543,878237828
dimwishlist:item=737409399&perks=3661387068,3230963543,2308090567,3966416502,878237828
dimwishlist:item=737409399&perks=3661387068,3230963543,2308090567,2633604463,878237828
dimwishlist:item=737409399&perks=3661387068,3230963543,2308090567,717070634,878237828
dimwishlist:item=737409399&perks=3661387068,3230963543,2308090567,3218042543,878237828
dimwishlist:item=737409399&perks=3661387068,679225683,3643424744,3966416502,878237828
dimwishlist:item=737409399&perks=3661387068,679225683,3643424744,2633604463,878237828
dimwishlist:item=737409399&perks=3661387068,679225683,3643424744,717070634,878237828
dimwishlist:item=737409399&perks=3661387068,679225683,3643424744,3218042543,878237828
dimwishlist:item=737409399&perks=3661387068,679225683,2869569095,3966416502,878237828
dimwishlist:item=737409399&perks=3661387068,679225683,2869569095,2633604463,878237828
dimwishlist:item=737409399&perks=3661387068,679225683,2869569095,717070634,878237828
dimwishlist:item=737409399&perks=3661387068,679225683,2869569095,3218042543,878237828
dimwishlist:item=737409399&perks=3661387068,679225683,2682205016,3966416502,878237828
dimwishlist:item=737409399&perks=3661387068,679225683,2682205016,2633604463,878237828
dimwishlist:item=737409399&perks=3661387068,679225683,2682205016,717070634,878237828
dimwishlist:item=737409399&perks=3661387068,679225683,2682205016,3218042543,878237828
dimwishlist:item=737409399&perks=3661387068,679225683,2308090567,3966416502,878237828
dimwishlist:item=737409399&perks=3661387068,679225683,2308090567,2633604463,878237828
dimwishlist:item=737409399&perks=3661387068,679225683,2308090567,717070634,878237828
dimwishlist:item=737409399&perks=3661387068,679225683,2308090567,3218042543,878237828
dimwishlist:item=737409399&perks=3661387068,2420895100,3643424744,3966416502,878237828
dimwishlist:item=737409399&perks=3661387068,2420895100,3643424744,2633604463,878237828
dimwishlist:item=737409399&perks=3661387068,2420895100,3643424744,717070634,878237828
dimwishlist:item=737409399&perks=3661387068,2420895100,3643424744,3218042543,878237828
dimwishlist:item=737409399&perks=3661387068,2420895100,2869569095,3966416502,878237828
dimwishlist:item=737409399&perks=3661387068,2420895100,2869569095,2633604463,878237828
dimwishlist:item=737409399&perks=3661387068,2420895100,2869569095,717070634,878237828
dimwishlist:item=737409399&perks=3661387068,2420895100,2869569095,3218042543,878237828
dimwishlist:item=737409399&perks=3661387068,2420895100,2682205016,3966416502,878237828
dimwishlist:item=737409399&perks=3661387068,2420895100,2682205016,2633604463,878237828
dimwishlist:item=737409399&perks=3661387068,2420895100,2682205016,717070634,878237828
dimwishlist:item=737409399&perks=3661387068,2420895100,2682205016,3218042543,878237828
dimwishlist:item=737409399&perks=3661387068,2420895100,2308090567,3966416502,878237828
dimwishlist:item=737409399&perks=3661387068,2420895100,2308090567,2633604463,878237828
dimwishlist:item=737409399&perks=3661387068,2420895100,2308090567,717070634,878237828
dimwishlist:item=737409399&perks=3661387068,2420895100,2308090567,3218042543,878237828
dimwishlist:item=737409399&perks=1840239774,3230963543,3643424744,3966416502,878237828
dimwishlist:item=737409399&perks=1840239774,3230963543,3643424744,2633604463,878237828
dimwishlist:item=737409399&perks=1840239774,3230963543,3643424744,717070634,878237828
dimwishlist:item=737409399&perks=1840239774,3230963543,3643424744,3218042543,878237828
dimwishlist:item=737409399&perks=1840239774,3230963543,2869569095,3966416502,878237828
dimwishlist:item=737409399&perks=1840239774,3230963543,2869569095,2633604463,878237828
dimwishlist:item=737409399&perks=1840239774,3230963543,2869569095,717070634,878237828
dimwishlist:item=737409399&perks=1840239774,3230963543,2869569095,3218042543,878237828
dimwishlist:item=737409399&perks=1840239774,3230963543,2682205016,3966416502,878237828
dimwishlist:item=737409399&perks=1840239774,3230963543,2682205016,2633604463,878237828
dimwishlist:item=737409399&perks=1840239774,3230963543,2682205016,717070634,878237828
dimwishlist:item=737409399&perks=1840239774,3230963543,2682205016,3218042543,878237828
dimwishlist:item=737409399&perks=1840239774,3230963543,2308090567,3966416502,878237828
dimwishlist:item=737409399&perks=1840239774,3230963543,2308090567,2633604463,878237828
dimwishlist:item=737409399&perks=1840239774,3230963543,2308090567,717070634,878237828
dimwishlist:item=737409399&perks=1840239774,3230963543,2308090567,3218042543,878237828
dimwishlist:item=737409399&perks=1840239774,679225683,3643424744,3966416502,878237828
dimwishlist:item=737409399&perks=1840239774,679225683,3643424744,2633604463,878237828
dimwishlist:item=737409399&perks=1840239774,679225683,3643424744,717070634,878237828
dimwishlist:item=737409399&perks=1840239774,679225683,3643424744,3218042543,878237828
dimwishlist:item=737409399&perks=1840239774,679225683,2869569095,3966416502,878237828
dimwishlist:item=737409399&perks=1840239774,679225683,2869569095,2633604463,878237828
dimwishlist:item=737409399&perks=1840239774,679225683,2869569095,717070634,878237828
dimwishlist:item=737409399&perks=1840239774,679225683,2869569095,3218042543,878237828
dimwishlist:item=737409399&perks=1840239774,679225683,2682205016,3966416502,878237828
dimwishlist:item=737409399&perks=1840239774,679225683,2682205016,2633604463,878237828
dimwishlist:item=737409399&perks=1840239774,679225683,2682205016,717070634,878237828
dimwishlist:item=737409399&perks=1840239774,679225683,2682205016,3218042543,878237828
dimwishlist:item=737409399&perks=1840239774,679225683,2308090567,3966416502,878237828
dimwishlist:item=737409399&perks=1840239774,679225683,2308090567,2633604463,878237828
dimwishlist:item=737409399&perks=1840239774,679225683,2308090567,717070634,878237828
dimwishlist:item=737409399&perks=1840239774,679225683,2308090567,3218042543,878237828
dimwishlist:item=737409399&perks=1840239774,2420895100,3643424744,3966416502,878237828
dimwishlist:item=737409399&perks=1840239774,2420895100,3643424744,2633604463,878237828
dimwishlist:item=737409399&perks=1840239774,2420895100,3643424744,717070634,878237828
dimwishlist:item=737409399&perks=1840239774,2420895100,3643424744,3218042543,878237828
dimwishlist:item=737409399&perks=1840239774,2420895100,2869569095,3966416502,878237828
dimwishlist:item=737409399&perks=1840239774,2420895100,2869569095,2633604463,878237828
dimwishlist:item=737409399&perks=1840239774,2420895100,2869569095,717070634,878237828
dimwishlist:item=737409399&perks=1840239774,2420895100,2869569095,3218042543,878237828
dimwishlist:item=737409399&perks=1840239774,2420895100,2682205016,3966416502,878237828
dimwishlist:item=737409399&perks=1840239774,2420895100,2682205016,2633604463,878237828
dimwishlist:item=737409399&perks=1840239774,2420895100,2682205016,717070634,878237828
dimwishlist:item=737409399&perks=1840239774,2420895100,2682205016,3218042543,878237828
dimwishlist:item=737409399&perks=1840239774,2420895100,2308090567,3966416502,878237828
dimwishlist:item=737409399&perks=1840239774,2420895100,2308090567,2633604463,878237828
dimwishlist:item=737409399&perks=1840239774,2420895100,2308090567,717070634,878237828
dimwishlist:item=737409399&perks=1840239774,2420895100,2308090567,3218042543,878237828


// Watchful Eye ()
dimwishlist:item=1757177186&perks=3661387068,2420895100,3643424744,717070634,878237828
dimwishlist:item=1757177186&perks=3661387068,2420895100,3643424744,3966416502,878237828
dimwishlist:item=1757177186&perks=3661387068,2420895100,2682205016,717070634,878237828
dimwishlist:item=1757177186&perks=3661387068,2420895100,2682205016,3966416502,878237828
dimwishlist:item=1757177186&perks=3661387068,2420895100,2869569095,717070634,878237828
dimwishlist:item=1757177186&perks=3661387068,2420895100,2869569095,3966416502,878237828
dimwishlist:item=1757177186&perks=3661387068,2420895100,2308090567,717070634,878237828
dimwishlist:item=1757177186&perks=3661387068,2420895100,2308090567,3966416502,878237828
dimwishlist:item=1757177186&perks=3661387068,679225683,3643424744,717070634,878237828
dimwishlist:item=1757177186&perks=3661387068,679225683,3643424744,3966416502,878237828
dimwishlist:item=1757177186&perks=3661387068,679225683,2682205016,717070634,878237828
dimwishlist:item=1757177186&perks=3661387068,679225683,2682205016,3966416502,878237828
dimwishlist:item=1757177186&perks=3661387068,679225683,2869569095,717070634,878237828
dimwishlist:item=1757177186&perks=3661387068,679225683,2869569095,3966416502,878237828
dimwishlist:item=1757177186&perks=3661387068,679225683,2308090567,717070634,878237828
dimwishlist:item=1757177186&perks=3661387068,679225683,2308090567,3966416502,878237828
dimwishlist:item=1757177186&perks=3661387068,1087426260,3643424744,717070634,878237828
dimwishlist:item=1757177186&perks=3661387068,1087426260,3643424744,3966416502,878237828
dimwishlist:item=1757177186&perks=3661387068,1087426260,2682205016,717070634,878237828
dimwishlist:item=1757177186&perks=3661387068,1087426260,2682205016,3966416502,878237828
dimwishlist:item=1757177186&perks=3661387068,1087426260,2869569095,717070634,878237828
dimwishlist:item=1757177186&perks=3661387068,1087426260,2869569095,3966416502,878237828
dimwishlist:item=1757177186&perks=3661387068,1087426260,2308090567,717070634,878237828
dimwishlist:item=1757177186&perks=3661387068,1087426260,2308090567,3966416502,878237828
dimwishlist:item=1757177186&perks=3661387068,3230963543,3643424744,717070634,878237828
dimwishlist:item=1757177186&perks=3661387068,3230963543,3643424744,3966416502,878237828
dimwishlist:item=1757177186&perks=3661387068,3230963543,2682205016,717070634,878237828
dimwishlist:item=1757177186&perks=3661387068,3230963543,2682205016,3966416502,878237828
dimwishlist:item=1757177186&perks=3661387068,3230963543,2869569095,717070634,878237828
dimwishlist:item=1757177186&perks=3661387068,3230963543,2869569095,3966416502,878237828
dimwishlist:item=1757177186&perks=3661387068,3230963543,2308090567,717070634,878237828
dimwishlist:item=1757177186&perks=3661387068,3230963543,2308090567,3966416502,878237828


// Psychopomp (Adept) ()
dimwishlist:item=2553380021&perks=3525010810,2822142346,2010801679,3218042543
dimwishlist:item=2553380021&perks=3525010810,2822142346,2010801679,2633604463
dimwishlist:item=2553380021&perks=3525010810,2822142346,3797647183,3218042543
dimwishlist:item=2553380021&perks=3525010810,2822142346,3797647183,2633604463


// Adamantite - Full Support ()
dimwishlist:item=3229982889&perks=3250034553,3142289711,692399809,2298656195
dimwishlist:item=3229982889&perks=3250034553,3142289711,692399809,674546187
dimwishlist:item=3229982889&perks=3250034553,3142289711,4070834277,2298656195
dimwishlist:item=3229982889&perks=3250034553,3142289711,4070834277,674546187


// Adamantite - Solo Dmg ()
dimwishlist:item=3229982889&perks=839105230,106909392,923806249,831391274
dimwishlist:item=3229982889&perks=839105230,106909392,923806249,102912326
dimwishlist:item=3229982889&perks=839105230,106909392,3422796781,831391274
dimwishlist:item=3229982889&perks=839105230,106909392,3422796781,102912326
dimwishlist:item=3229982889&perks=839105230,3230963543,923806249,831391274
dimwishlist:item=3229982889&perks=839105230,3230963543,923806249,102912326
dimwishlist:item=3229982889&perks=839105230,3230963543,3422796781,831391274
dimwishlist:item=3229982889&perks=839105230,3230963543,3422796781,102912326
dimwishlist:item=3229982889&perks=3661387068,106909392,923806249,831391274
dimwishlist:item=3229982889&perks=3661387068,106909392,923806249,102912326
dimwishlist:item=3229982889&perks=3661387068,106909392,3422796781,831391274
dimwishlist:item=3229982889&perks=3661387068,106909392,3422796781,102912326
dimwishlist:item=3229982889&perks=3661387068,3230963543,923806249,831391274
dimwishlist:item=3229982889&perks=3661387068,3230963543,923806249,102912326
dimwishlist:item=3229982889&perks=3661387068,3230963543,3422796781,831391274
dimwishlist:item=3229982889&perks=3661387068,3230963543,3422796781,102912326
dimwishlist:item=3229982889&perks=1840239774,106909392,923806249,831391274
dimwishlist:item=3229982889&perks=1840239774,106909392,923806249,102912326
dimwishlist:item=3229982889&perks=1840239774,106909392,3422796781,831391274
dimwishlist:item=3229982889&perks=1840239774,106909392,3422796781,102912326
dimwishlist:item=3229982889&perks=1840239774,3230963543,923806249,831391274
dimwishlist:item=3229982889&perks=1840239774,3230963543,923806249,102912326
dimwishlist:item=3229982889&perks=1840239774,3230963543,3422796781,831391274
dimwishlist:item=3229982889&perks=1840239774,3230963543,3422796781,102912326


// Psychopomp ()
dimwishlist:item=3840794631&perks=3525010810,2822142346,2010801679,3218042543,120721526
dimwishlist:item=3840794631&perks=3525010810,2822142346,2010801679,2633604463,120721526
dimwishlist:item=3840794631&perks=3525010810,2822142346,3797647183,3218042543,120721526
dimwishlist:item=3840794631&perks=3525010810,2822142346,3797647183,2633604463,120721526


// Psychopomp ()
dimwishlist:item=4028298892&perks=3525010810,2822142346,2010801679,3218042543
dimwishlist:item=4028298892&perks=3525010810,2822142346,2010801679,2633604463
dimwishlist:item=4028298892&perks=3525010810,2822142346,3797647183,3218042543
dimwishlist:item=4028298892&perks=3525010810,2822142346,3797647183,2633604463


